ttor
Inner planet mass	Outer planet mass	Percent Difference	Seed
0.002190000000000003	0.0022800000000000034	4.109589041095895	0	
0.002190000000000003	0.002470000000000004	12.785388127853897	1	
0.0023200000000000035	0.0022900000000000034	1.2931034482758634	2	
0.0024100000000000037	0.002590000000000004	7.468879668049801	3	
0.0022900000000000034	0.002540000000000004	10.917030567685602	4	
0.002440000000000004	0.002490000000000004	2.0491803278688545	5	
0.0023800000000000036	0.002190000000000003	7.983193277310933	6	
0.0022400000000000033	0.0024000000000000037	7.142857142857151	7	
0.002450000000000004	0.002470000000000004	0.8163265306122458	8	
0.0023900000000000037	0.002550000000000004	6.694560669456075	9	

Average percent difference= 6.126010880106632.

