simAU
Inner planet mass	Outer planet mass	Percent Difference	Distance
6.321000000000001e-05	0.0	100.0	0.10656022367666107	
8.849399999999955e-05	0.00010877999999999914	22.923588039866768	0.12114137285547598	
0.0001108379999999991	0.00010025399999999931	9.549071618037022	0.1	
9.995999999999932e-05	9.760799999999937e-05	2.3529411764705572	0.10404040404040404	
9.790199999999936e-05	0.00010407599999999924	6.3063063063062215	0.11212121212121212	
8.761199999999957e-05	9.672599999999939e-05	10.402684563758232	0.11616161616161616	
9.760799999999937e-05	9.290399999999946e-05	4.81927710843367	0.10931035330127936	
9.966599999999933e-05	0.00010348799999999925	3.83480825958697	0.10816871777305564	
8.349599999999965e-05	9.937199999999933e-05	19.014084507041954	0.1182396075591909	
8.525999999999961e-05	9.525599999999941e-05	11.724137931034303	0.12365218608121753	
8.819999999999956e-05	9.231599999999947e-05	4.666666666666597	0.12828282828282828	
9.790199999999936e-05	9.907799999999934e-05	1.201201201201185	0.11911384251964328	
9.848999999999935e-05	9.731399999999937e-05	1.1940298507462528	0.1160397208403195	
8.849399999999955e-05	8.731799999999957e-05	1.3289036544850301	0.12514649491351945	
9.437399999999943e-05	9.790199999999936e-05	3.7383177570092934	0.11292432346572341	
8.408399999999964e-05	8.290799999999966e-05	1.3986013986013768	0.10727659828951441	
8.878799999999954e-05	9.172799999999948e-05	3.3112582781456465	0.12778127834700254	
8.908199999999954e-05	9.055199999999951e-05	1.6501650165016257	0.12424242424242425	
9.172799999999948e-05	7.996799999999972e-05	12.820512820512636	0.11082332935251626	
8.966999999999953e-05	8.819999999999956e-05	1.6393442622950578	0.10808080808080808	
9.407999999999944e-05	0.0001008419999999993	7.1874999999999	0.11431418309001973	
9.290399999999946e-05	8.08499999999997e-05	12.974683544303614	0.12684342882037156
9.907799999999934e-05	9.878399999999934e-05	0.2967359050445065	0.13103706971044482	
8.555399999999961e-05	9.966599999999933e-05	16.49484536082449	0.13821937034197182	
7.790999999999976e-05	9.525599999999941e-05	22.26415094339585	0.1479727244598282	
9.290399999999946e-05	8.555399999999961e-05	7.91139240506318	0.13636363636363635	
7.349999999999985e-05	9.055199999999951e-05	23.199999999999584	0.13679807573413577	
8.231999999999967e-05	8.555399999999961e-05	3.928571428571366	0.13425290262178388	
7.496999999999982e-05	7.526399999999981e-05	0.3921568627450912	0.14244021294130646	
8.58479999999996e-05	8.08499999999997e-05	5.821917808219089	0.13232323232323234	
7.702799999999978e-05	8.790599999999956e-05	14.122137404579913	0.15656565656565657	
7.379399999999984e-05	8.026199999999971e-05	8.764940239043668	0.143237083856131	
7.349999999999985e-05	8.026199999999971e-05	9.199999999999836	0.1497939557845947	
7.673399999999978e-05	9.055199999999951e-05	18.007662835248734	0.14444444444444446	
7.11479999999999e-05	7.879199999999974e-05	10.743801652892364	0.14040404040404042	
7.202999999999988e-05	8.143799999999969e-05	13.06122448979568	0.15205504988933502	
6.967799999999992e-05	8.908199999999954e-05	27.84810126582226	0.15280501503977428	
6.820799999999995e-05	7.908599999999974e-05	15.948275862068659	0.1467523221730945	
6.850199999999995e-05	7.58519999999998e-05	10.729613733905373	0.15108808205161317	
8.819999999999956e-05	9.08459999999995e-05	2.999999999999955	0.15252525252525254	
7.144199999999989e-05	7.732199999999977e-05	8.230452674896968	0.14057211088362487	
8.525999999999961e-05	8.908199999999954e-05	4.4827586206895855	0.15340366443789158	
7.58519999999998e-05	7.702799999999978e-05	1.5503875968991978	0.14521964333909262	
9.025799999999951e-05	8.996399999999952e-05	0.32573289902279656	0.13516464147013427	
7.555799999999981e-05	8.467199999999963e-05	12.062256809338312	0.1484848484848485	
7.261799999999987e-05	8.261399999999967e-05	13.765182186234567	0.15874010519681994	
7.408799999999984e-05	8.261399999999967e-05	11.507936507936304	0.1662119122464687	
6.11520000000001e-05	8.61419999999996e-05	40.86538461538374	0.16744084278445925	
6.908999999999994e-05	8.643599999999959e-05	25.106382978722923	0.1606060606060606	
7.643999999999979e-05	9.11399999999995e-05	19.2307692307689	0.16456623286043165	
5.8506000000000093e-05	7.732199999999977e-05	32.1608040200999	0.17170713638299978	
4.410000000000005e-05	0.00010819199999999916	145.33333333333113	0.20505050505050504	
5.174400000000007e-05	8.437799999999963e-05	63.06818181818088	0.1806760501137917	
5.145000000000007e-05	8.849399999999955e-05	71.99999999999889	0.18420157493201933	
4.5864000000000054e-05	9.937199999999933e-05	116.66666666666497	0.20800838230519042	
5.9094000000000095e-05	8.290799999999966e-05	40.29850746268577	0.16528722546144864	
7.820399999999975e-05	9.202199999999948e-05	17.66917293233053	0.16915381116229844	
7.820399999999975e-05	8.496599999999962e-05	8.64661654135324	0.16464646464646465	
5.145000000000007e-05	7.673399999999978e-05	49.14285714285651	0.18908143891965618	
5.497800000000008e-05	7.908599999999974e-05	43.85026737967845	0.19865767767585374	
6.732599999999997e-05	7.879199999999974e-05	17.030567685589187	0.17592106959680257	
5.5566000000000084e-05	8.437799999999963e-05	51.85185185185096	0.19696969696969696	
5.9094000000000095e-05	7.144199999999989e-05	20.89552238805932	0.19292929292929295	
5.674200000000009e-05	7.790999999999976e-05	37.30569948186465	0.1686868686868687	
5.439000000000008e-05	7.408799999999984e-05	36.21621621621571	0.17351936982146643	
3.410400000000002e-05	5.350800000000008e-05	56.89655172413808	0.5	
4.9686000000000066e-05	8.202599999999968e-05	65.08875739644884	0.1808080808080808	
5.350800000000008e-05	6.850199999999995e-05	28.021978021977738	0.17676767676767677	
5.2920000000000076e-05	9.055199999999951e-05	71.11111111110993	0.19628561026349226	
5.2332000000000074e-05	7.467599999999983e-05	42.69662921348261	0.18484848484848487	
3.439800000000002e-05	5.086200000000007e-05	47.863247863247985	0.49595959595959593	
5.056800000000007e-05	7.173599999999988e-05	41.86046511627865	0.17925618986228659	
4.380600000000005e-05	7.438199999999983e-05	69.79865771812024	0.23778308299094353	
5.2920000000000076e-05	7.967399999999973e-05	50.55555555555482	0.17272727272727273	
4.439400000000005e-05	7.026599999999991e-05	58.27814569536387	0.22525252525252526	
5.027400000000007e-05	7.349999999999985e-05	46.198830409356226	0.18888888888888888	
4.410000000000005e-05	7.11479999999999e-05	61.33333333333292	0.2494949494949495	
4.233600000000004e-05	7.496999999999982e-05	77.08333333333273	0.22121212121212122	
4.704000000000006e-05	6.908999999999994e-05	46.87499999999968	0.2194095738832282	
4.468800000000005e-05	7.144199999999989e-05	59.86842105263115	0.21313131313131314	
4.174800000000004e-05	6.997199999999992e-05	67.60563380281654	0.24141414141414141	
4.380600000000005e-05	6.703199999999998e-05	53.0201342281877	0.23333333333333334	
4.498200000000005e-05	6.791399999999996e-05	50.980392156862486	0.22314431669405652	
5.086200000000007e-05	7.055999999999991e-05	38.728323699421594	0.19229994270765446	
4.351200000000005e-05	6.732599999999997e-05	54.72972972972949	0.21717171717171718	
4.204200000000004e-05	6.997199999999992e-05	66.43356643356607	0.26579576997849247	
4.116000000000004e-05	6.850199999999995e-05	66.42857142857115	0.23737373737373738	
4.233600000000004e-05	7.879199999999974e-05	86.11111111111032	0.24545454545454545	
4.410000000000005e-05	6.703199999999998e-05	51.99999999999978	0.23052181460292234	
4.2924000000000045e-05	6.497400000000002e-05	51.36986301369851	0.2292929292929293	
3.822000000000003e-05	7.702799999999978e-05	101.5384615384608	0.28585858585858587	
4.821600000000006e-05	7.173599999999988e-05	48.78048780487762	0.20101010101010103	
4.027800000000004e-05	7.496999999999982e-05	86.13138686131325	0.2535353535353535	
4.086600000000004e-05	6.438600000000003e-05	57.55395683453229	0.25198420997897464	
4.880400000000006e-05	6.879599999999994e-05	40.963855421686446	0.2090909090909091	
3.704400000000003e-05	8.349599999999965e-05	125.39682539682428	0.2924017738212866	
4.027800000000004e-05	6.321000000000005e-05	56.93430656934305	0.2696969696969697	
4.027800000000004e-05	7.055999999999991e-05	75.18248175182443	0.27256808892482093	
3.880800000000003e-05	6.673799999999998e-05	71.96969696969678	0.2656565656565657	
3.822000000000003e-05	6.08580000000001e-05	59.23076923076936	0.2777777777777778	
3.9396000000000034e-05	6.908999999999994e-05	75.37313432835789	0.25757575757575757	
3.822000000000003e-05	6.997199999999992e-05	83.07692307692271	0.30606060606060603	
4.027800000000004e-05	7.408799999999984e-05	83.94160583941549	0.2737373737373737	
3.9396000000000034e-05	8.231999999999967e-05	108.955223880596	0.3115839842184876	
3.792600000000003e-05	6.321000000000005e-05	66.66666666666667	0.3383838383838384	
3.528000000000002e-05	6.379800000000004e-05	80.83333333333334	0.32626262626262625	
3.851400000000003e-05	6.350400000000005e-05	64.88549618320609	0.297979797979798	
3.792600000000003e-05	7.173599999999988e-05	89.14728682170498	0.3464646464646465	
3.880800000000003e-05	6.526800000000001e-05	68.18181818181807	0.29393939393939394	
3.910200000000003e-05	6.409200000000004e-05	63.90977443609018	0.3101010101010101	
3.880800000000003e-05	6.526800000000001e-05	68.18181818181807	0.2898989898989899	
3.9984000000000036e-05	7.202999999999988e-05	80.14705882352895	0.26161616161616164	
4.086600000000004e-05	6.791399999999996e-05	66.18705035971198	0.302020202020202	
3.6750000000000026e-05	6.232800000000007e-05	69.60000000000008	0.3181818181818182	
3.9690000000000035e-05	6.468000000000002e-05	62.96296296296288	0.28181818181818186	
3.704400000000003e-05	5.9388000000000096e-05	60.31746031746046	0.3222222222222222	
3.586800000000002e-05	7.08539999999999e-05	97.54098360655698	0.33019272488946266	
3.733800000000003e-05	6.497400000000002e-05	74.01574803149599	0.3868686868686869	
3.9984000000000036e-05	6.05640000000001e-05	51.47058823529424	0.3303030303030303	
3.6456000000000025e-05	6.350400000000005e-05	74.19354838709678	0.35858585858585856	
3.469200000000002e-05	5.9388000000000096e-05	71.18644067796627	0.3545454545454545	
3.704400000000003e-05	6.556200000000001e-05	76.98412698412687	0.3424242424242424	
3.792600000000003e-05	5.99760000000001e-05	58.13953488372107	0.3343434343434344	
3.733800000000003e-05	7.291199999999986e-05	95.27559055118058	0.3666666666666667	
3.6456000000000025e-05	5.8800000000000094e-05	61.29032258064531	0.31414141414141417	
3.586800000000002e-05	5.9388000000000096e-05	65.57377049180344	0.3747474747474747	
3.586800000000002e-05	5.762400000000009e-05	60.65573770491818	0.36262626262626263	
3.6162000000000024e-05	6.820799999999995e-05	88.61788617886154	0.37070707070707076	
3.6456000000000025e-05	6.232800000000007e-05	70.96774193548396	0.35050505050505054	
3.528000000000002e-05	6.174000000000008e-05	75.00000000000013	0.398989898989899	
3.528000000000002e-05	5.468400000000008e-05	55.000000000000135	0.40303030303030307	
3.6456000000000025e-05	5.409600000000008e-05	48.387096774193665	0.4111111111111111	
3.3516000000000016e-05	5.96820000000001e-05	78.0701754385967	0.38282828282828285	
3.586800000000002e-05	5.6154000000000086e-05	56.55737704918047	0.39999999999999997	
3.6162000000000024e-05	5.6154000000000086e-05	55.28455284552859	0.3909090909090909	
3.6162000000000024e-05	7.291199999999986e-05	101.62601626016207	0.4191919191919192	
3.557400000000002e-05	6.11520000000001e-05	71.90082644628116	0.3787878787878788	
3.792600000000003e-05	6.05640000000001e-05	59.6899224806203	0.36593057100229714	
3.557400000000002e-05	5.733000000000009e-05	61.15702479338858	0.39494949494949494	
3.586800000000002e-05	5.733000000000009e-05	59.83606557377064	0.44747474747474747	
3.557400000000002e-05	5.056800000000007e-05	42.14876033057862	0.407070707070707	
3.6750000000000026e-05	5.762400000000009e-05	56.80000000000014	0.4232323232323232	
3.469200000000002e-05	5.9388000000000096e-05	71.18644067796627	0.43939393939393945	
3.410400000000002e-05	5.497800000000008e-05	61.2068965517243	0.4757575757575757	
3.6750000000000026e-05	5.2626000000000075e-05	43.2000000000001	0.4555555555555556	
3.410400000000002e-05	5.8506000000000093e-05	71.55172413793122	0.45959595959595956	
3.410400000000002e-05	5.6154000000000086e-05	64.65517241379327	0.4797979797979798	
3.410400000000002e-05	5.5566000000000084e-05	62.93103448275878	0.42727272727272725	
3.410400000000002e-05	5.762400000000009e-05	68.96551724137949	0.43267487109222247	
3.557400000000002e-05	5.409600000000008e-05	52.066115702479465	0.4636363636363636	
3.498600000000002e-05	5.086200000000007e-05	45.37815126050432	0.4676767676767677	
3.733800000000003e-05	5.6154000000000086e-05	50.3937007874017	0.4434343434343434	
3.586800000000002e-05	6.05640000000001e-05	68.85245901639361	0.4313131313131313	
3.586800000000002e-05	5.439000000000008e-05	51.639344262295204	0.4353535353535354	
3.410400000000002e-05	5.8506000000000093e-05	71.55172413793122	0.47171717171717176	
3.381000000000002e-05	5.497800000000008e-05	62.60869565217407	0.49460874432487006	
3.6456000000000025e-05	6.379800000000004e-05	75.0	0.41515151515151516	
3.3516000000000016e-05	5.380200000000008e-05	60.52631578947384	0.46415888336127786	
3.469200000000002e-05	4.792200000000006e-05	38.13559322033908	0.491919191919192	
3.528000000000002e-05	5.733000000000009e-05	62.500000000000156	0.45151515151515154	
3.498600000000002e-05	6.174000000000008e-05	76.47058823529426	0.4878787878787879	
3.498600000000002e-05	5.791800000000009e-05	65.54621848739512	0.48383838383838385	
