simAU
Inner planet mass	Outer planet mass	Percent Difference	Distance
5.968200000000001e-05	0.0	100.0	0.10656022367666107	
6.056400000000001e-05	0.0	100.0	0.10808080808080808	
6.585600000000003e-05	0.0	100.0	0.11082332935251626	
3.792600000000003e-05	6.644399999999999e-05	75.19379844961223	0.49595959595959593	
5.497800000000008e-05	4.792200000000006e-05	12.834224598930502	0.11431418309001973	
5.086200000000007e-05	5.174400000000007e-05	1.7341040462427775	0.11911384251964328	
5.674200000000009e-05	5.027400000000007e-05	11.398963730569967	0.10816871777305564	
4.9392000000000065e-05	4.9392000000000065e-05	0.0	0.12828282828282828	
4.733400000000006e-05	5.5566000000000084e-05	17.39130434782612	0.12114137285547598	
4.880400000000006e-05	4.9098000000000064e-05	0.6024096385542179	0.12514649491351945	
3.851400000000003e-05	6.673799999999998e-05	73.28244274809141	0.5	
4.380600000000005e-05	4.762800000000006e-05	8.724832214765119	0.11292432346572341	
5.321400000000008e-05	5.791800000000009e-05	8.839779005524877	0.10404040404040404	
4.9686000000000066e-05	4.9392000000000065e-05	0.591715976331362	0.10727659828951441	
4.498200000000005e-05	4.5864000000000054e-05	1.9607843137254939	0.12778127834700254	
4.5864000000000054e-05	4.674600000000006e-05	1.9230769230769267	0.11616161616161616	
4.410000000000005e-05	4.380600000000005e-05	0.666666666666668	0.10931035330127936	
4.674600000000006e-05	4.851000000000006e-05	3.773584905660384	0.12684342882037156	
4.204200000000004e-05	4.2630000000000044e-05	1.3986013986014016	0.12424242424242425	
4.821600000000006e-05	4.439400000000005e-05	7.926829268292697	0.1160397208403195	
3.9984000000000036e-05	4.733400000000006e-05	18.38235294117651	0.12365218608121753	
4.733400000000006e-05	4.233600000000004e-05	10.559006211180144	0.11212121212121212	
4.233600000000004e-05	4.145400000000004e-05	2.083333333333338	0.1202020202020202	
4.233600000000004e-05	3.9690000000000035e-05	6.250000000000012	0.1182396075591909	
5.2920000000000076e-05	5.056800000000007e-05	4.444444444444452	0.14057211088362487	
5.439000000000008e-05	5.115600000000007e-05	5.945945945945955	0.13103706971044482	
4.851000000000006e-05	4.6158000000000055e-05	4.8484848484848575	0.13821937034197182	
4.527600000000005e-05	4.880400000000006e-05	7.792207792207807	0.13636363636363635	
3.439800000000002e-05	3.528000000000002e-05	2.5641025641025705	0.1	
3.6456000000000025e-05	6.08580000000001e-05	66.9354838709679	0.3101010101010101	
3.9690000000000035e-05	6.232800000000007e-05	57.037037037037074	0.32626262626262625	
4.468800000000005e-05	4.6158000000000055e-05	3.289473684210533	0.13232323232323234	
4.9686000000000066e-05	5.115600000000007e-05	2.95857988165681	0.15340366443789158	
3.763200000000003e-05	6.05640000000001e-05	60.93750000000014	0.28181818181818186	
4.498200000000005e-05	4.9686000000000066e-05	10.457516339869303	0.13425290262178388	
4.6158000000000055e-05	4.9392000000000065e-05	7.006369426751606	0.1467523221730945	
4.762800000000006e-05	4.6158000000000055e-05	3.0864197530864255	0.14040404040404042	
3.910200000000003e-05	5.8800000000000094e-05	50.375939849624174	0.2898989898989899	
4.792200000000006e-05	4.998000000000007e-05	4.29447852760737	0.13516464147013427	
4.498200000000005e-05	4.674600000000006e-05	3.9215686274509878	0.14521964333909262	
3.6750000000000026e-05	7.61459999999998e-05	107.19999999999929	0.3747474747474747	
4.174800000000004e-05	5.203800000000007e-05	24.647887323943714	0.16464646464646465	
4.792200000000006e-05	5.321400000000008e-05	11.042944785276095	0.1606060606060606	
3.586800000000002e-05	6.203400000000008e-05	72.95081967213125	0.29393939393939394	
3.763200000000003e-05	7.11479999999999e-05	89.06249999999957	0.35858585858585856	
4.351200000000005e-05	4.998000000000007e-05	14.864864864864897	0.1484848484848485	
4.086600000000004e-05	6.262200000000007e-05	53.237410071942456	0.3909090909090909	
4.3218000000000046e-05	5.086200000000007e-05	17.68707482993201	0.16456623286043165	
4.439400000000005e-05	4.880400000000006e-05	9.933774834437106	0.15205504988933502	
3.733800000000003e-05	6.08580000000001e-05	62.99212598425211	0.2924017738212866	
4.351200000000005e-05	4.674600000000006e-05	7.432432432432448	0.13679807573413577	
3.880800000000003e-05	7.291199999999986e-05	87.87878787878736	0.3464646464646465	
4.204200000000004e-05	5.350800000000008e-05	27.27272727272733	0.20800838230519042	
3.6456000000000025e-05	6.468000000000002e-05	77.41935483870962	0.3343434343434344	
3.6456000000000025e-05	6.02700000000001e-05	65.32258064516144	0.24141414141414141	
3.733800000000003e-05	5.821200000000009e-05	55.90551181102376	0.2696969696969697	
3.822000000000003e-05	6.350400000000005e-05	66.15384615384615	0.38282828282828285	
3.792600000000003e-05	5.527200000000008e-05	45.73643410852724	0.3181818181818182	
4.057200000000004e-05	5.027400000000007e-05	23.91304347826092	0.18908143891965618	
4.792200000000006e-05	4.880400000000006e-05	1.8404907975460154	0.14244021294130646	
3.822000000000003e-05	5.762400000000009e-05	50.76923076923089	0.297979797979798	
4.057200000000004e-05	5.409600000000008e-05	33.33333333333341	0.19292929292929295	
3.9396000000000034e-05	5.115600000000007e-05	29.850746268656785	0.19229994270765446	
3.704400000000003e-05	5.350800000000008e-05	44.44444444444455	0.26161616161616164	
3.733800000000003e-05	5.8506000000000093e-05	56.692913385826905	0.2777777777777778	
3.851400000000003e-05	5.5860000000000085e-05	45.0381679389314	0.23778308299094353	
4.086600000000004e-05	4.792200000000006e-05	17.26618705035975	0.17676767676767677	
4.5864000000000054e-05	4.821600000000006e-05	5.1282051282051375	0.15108808205161317	
4.5864000000000054e-05	4.792200000000006e-05	4.487179487179495	0.1497939557845947	
4.233600000000004e-05	5.2626000000000075e-05	24.305555555555607	0.1479727244598282	
4.057200000000004e-05	5.321400000000008e-05	31.159420289855138	0.15252525252525254	
3.851400000000003e-05	5.6154000000000086e-05	45.80152671755736	0.2494949494949495	
3.763200000000003e-05	6.997199999999992e-05	85.93749999999964	0.3868686868686869	
4.116000000000004e-05	4.6158000000000055e-05	12.142857142857169	0.15280501503977428	
3.6456000000000025e-05	7.732199999999977e-05	112.09677419354762	0.37070707070707076	
3.733800000000003e-05	6.11520000000001e-05	63.779527559055246	0.26579576997849247	
4.468800000000005e-05	5.056800000000007e-05	13.157894736842133	0.1686868686868687	
3.704400000000003e-05	6.761999999999997e-05	82.53968253968232	0.40303030303030307	
3.704400000000003e-05	5.5566000000000084e-05	50.00000000000012	0.30606060606060603	
3.704400000000003e-05	6.350400000000005e-05	71.42857142857143	0.35050505050505054	
4.498200000000005e-05	5.056800000000007e-05	12.418300653594795	0.14444444444444446	
4.233600000000004e-05	5.6154000000000086e-05	32.63888888888896	0.15656565656565657	
3.880800000000003e-05	6.02700000000001e-05	55.30303030303043	0.3545454545454545	
3.851400000000003e-05	5.174400000000007e-05	34.35114503816802	0.19628561026349226	
3.6750000000000026e-05	6.08580000000001e-05	65.60000000000016	0.24545454545454545	
3.6750000000000026e-05	6.644399999999999e-05	80.79999999999984	0.31414141414141417	
4.704000000000006e-05	4.557000000000005e-05	3.1250000000000053	0.143237083856131	
3.9690000000000035e-05	5.145000000000007e-05	29.629629629629694	0.17925618986228659	
3.557400000000002e-05	6.5856e-05	85.12396694214864	0.3787878787878788	
3.6162000000000024e-05	5.145000000000007e-05	42.276422764227746	0.20101010101010103	
3.822000000000003e-05	6.820799999999995e-05	78.4615384615382	0.398989898989899	
3.9984000000000036e-05	4.762800000000006e-05	19.11764705882357	0.17592106959680257	
3.6750000000000026e-05	5.2920000000000076e-05	44.00000000000011	0.21717171717171718	
3.763200000000003e-05	6.673799999999998e-05	77.34374999999983	0.36262626262626263	
4.086600000000004e-05	4.6452000000000056e-05	13.669064748201468	0.15874010519681994	
3.910200000000003e-05	5.821200000000009e-05	48.872180451127925	0.3303030303030303	
3.733800000000003e-05	5.321400000000008e-05	42.51968503937018	0.22314431669405652	
3.557400000000002e-05	6.820799999999995e-05	91.7355371900824	0.36593057100229714	
3.910200000000003e-05	4.704000000000006e-05	20.300751879699295	0.1662119122464687	
3.792600000000003e-05	5.5860000000000085e-05	47.28682170542647	0.2535353535353535	
4.027800000000004e-05	4.9686000000000066e-05	23.357664233576696	0.18420157493201933	
4.027800000000004e-05	5.2332000000000074e-05	29.927007299270137	0.20505050505050504	
4.086600000000004e-05	4.674600000000006e-05	14.388489208633123	0.16915381116229844	
3.6162000000000024e-05	5.8800000000000094e-05	62.60162601626031	0.407070707070707	
3.822000000000003e-05	5.5860000000000085e-05	46.15384615384626	0.2090909090909091	
3.6750000000000026e-05	5.203800000000007e-05	41.6000000000001	0.17351936982146643	
3.792600000000003e-05	7.879199999999974e-05	107.7519379844953	0.4797979797979798	
4.116000000000004e-05	4.410000000000005e-05	7.1428571428571574	0.18888888888888888	
3.792600000000003e-05	5.350800000000008e-05	41.08527131782955	0.25198420997897464	
3.6750000000000026e-05	5.96820000000001e-05	62.40000000000015	0.3666666666666667	
3.910200000000003e-05	4.3218000000000046e-05	10.526315789473708	0.16744084278445925	
3.704400000000003e-05	6.174000000000008e-05	66.66666666666677	0.3424242424242424	
3.704400000000003e-05	5.2920000000000076e-05	42.85714285714296	0.2292929292929293	
3.9396000000000034e-05	4.5864000000000054e-05	16.41791044776123	0.16528722546144864	
3.6750000000000026e-05	4.9686000000000066e-05	35.20000000000009	0.23737373737373738	
3.763200000000003e-05	5.174400000000007e-05	37.500000000000085	0.22121212121212122	
3.704400000000003e-05	5.5860000000000085e-05	50.79365079365091	0.23333333333333334	
3.792600000000003e-05	5.674200000000009e-05	49.61240310077531	0.2737373737373737	
3.763200000000003e-05	5.086200000000007e-05	35.156250000000085	0.19696969696969696	
3.792600000000003e-05	4.880400000000006e-05	28.682170542635728	0.22525252525252526	
3.704400000000003e-05	5.056800000000007e-05	36.50793650793659	0.23052181460292234	
3.763200000000003e-05	6.321000000000005e-05	67.96875000000001	0.302020202020202	
3.851400000000003e-05	4.9098000000000064e-05	27.480916030534413	0.2194095738832282	
3.9396000000000034e-05	5.791800000000009e-05	47.01492537313443	0.25757575757575757	
3.822000000000003e-05	4.6452000000000056e-05	21.538461538461586	0.1808080808080808	
3.910200000000003e-05	4.998000000000007e-05	27.819548872180516	0.21313131313131314	
3.586800000000002e-05	6.232800000000007e-05	73.77049180327877	0.3222222222222222	
3.910200000000003e-05	4.821600000000006e-05	23.30827067669178	0.1806760501137917	
3.910200000000003e-05	5.468400000000008e-05	39.84962406015047	0.28585858585858587	
3.9984000000000036e-05	4.762800000000006e-05	19.11764705882357	0.17170713638299978	
3.910200000000003e-05	4.851000000000006e-05	24.060150375939905	0.19865767767585374	
3.792600000000003e-05	6.174000000000008e-05	62.790697674418695	0.3115839842184876	
3.704400000000003e-05	6.05640000000001e-05	63.49206349206364	0.33019272488946266	
3.763200000000003e-05	6.468000000000002e-05	71.87499999999993	0.39999999999999997	
3.851400000000003e-05	5.821200000000009e-05	51.14503816793905	0.3383838383838384	
3.704400000000003e-05	5.644800000000009e-05	52.38095238095251	0.27256808892482093	
3.9984000000000036e-05	4.468800000000005e-05	11.764705882352967	0.17272727272727273	
3.822000000000003e-05	7.08539999999999e-05	85.38461538461497	0.46415888336127786	
3.910200000000003e-05	4.733400000000006e-05	21.052631578947416	0.18484848484848487	
3.6750000000000026e-05	5.5860000000000085e-05	52.00000000000012	0.2656565656565657	
3.792600000000003e-05	6.615e-05	74.41860465116264	0.39494949494949494	
3.822000000000003e-05	7.026599999999991e-05	83.84615384615347	0.42727272727272725	
3.6750000000000026e-05	6.5856e-05	79.19999999999987	0.4191919191919192	
3.704400000000003e-05	6.908999999999994e-05	86.5079365079362	0.43939393939393945	
3.851400000000003e-05	6.673799999999998e-05	73.28244274809141	0.43267487109222247	
3.851400000000003e-05	7.261799999999987e-05	88.5496183206102	0.4353535353535354	
3.851400000000003e-05	7.026599999999991e-05	82.44274809160268	0.41515151515151516	
3.704400000000003e-05	7.820399999999975e-05	111.11111111111029	0.4434343434343434	
3.586800000000002e-05	6.5856e-05	83.60655737704906	0.491919191919192	
3.822000000000003e-05	6.438600000000003e-05	68.46153846153841	0.45151515151515154	
3.880800000000003e-05	6.409200000000004e-05	65.1515151515151	0.45959595959595956	
3.6162000000000024e-05	7.908599999999974e-05	118.69918699186906	0.4636363636363636	
3.792600000000003e-05	7.408799999999984e-05	95.34883720930173	0.48383838383838385	
3.851400000000003e-05	6.644399999999999e-05	72.51908396946548	0.4232323232323232	
3.792600000000003e-05	7.61459999999998e-05	100.77519379844892	0.47171717171717176	
3.792600000000003e-05	7.673399999999978e-05	102.32558139534811	0.4878787878787879	
3.880800000000003e-05	7.055999999999991e-05	81.81818181818143	0.44747474747474747	
3.733800000000003e-05	8.055599999999971e-05	115.74803149606205	0.4555555555555556	
3.851400000000003e-05	6.908999999999994e-05	79.38931297709892	0.4757575757575757	
3.6750000000000026e-05	6.5856e-05	79.19999999999987	0.4676767676767677	
3.586800000000002e-05	6.174000000000008e-05	72.13114754098373	0.49460874432487006	
3.586800000000002e-05	7.643999999999979e-05	113.11475409835994	0.4313131313131313	
3.733800000000003e-05	7.144199999999989e-05	91.33858267716491	0.4111111111111111	
