ttor
Inner planet mass	Outer planet mass	Percent Difference	Seed
0.002950000000000005	0.002890000000000005	2.033898305084748	0	
0.003300000000000006	0.0027100000000000045	17.878787878787893	2	
0.0031500000000000057	0.002500000000000004	20.634920634920654	4	
0.0030400000000000054	0.0027500000000000046	9.539473684210535	5	
0.0031600000000000057	0.002490000000000004	21.20253164556964	6	
0.002880000000000005	0.0028000000000000047	2.7777777777777803	8	
0.0031300000000000056	0.0026900000000000045	14.057507987220458	9

