58
152
59
120
143
131
47
30
62
46
146
151
156
36
49
2
90
130
107
48
108
102
8
71
134
125
19
29
97
157
92
18
75
162
139
153
161
3
104
44
96
55
158
16
41
22
145
117
20
121
14
91
32
35
129
5
140
103
160
127
21
144
38
78
1
122
37
138
60
64
101
137
94
105
119
34
112
54
106
149
74
124
136
86
116
10
89
50
76
42
114
23
70
123
33
67
6
80
79
15
142
133
7
24
31
118
148
109
28
4
9
63
40
110
82
154
45
95
17
56
84
77
98
128
111
61
69
81
13
126
100
0
159
150
113
132
115
99
53
25
141
72
52
83
57
65
93
43
73
51
11
68
155
66
26
27
87
12
88
147
135
85
39
5
46
68
29
107
88
139
53
4
0
8
143
113
126
149
78
116
12
134
19
127
111
62
138
76
72
150
64
114
23
132
39
147
41
36
145
96
152
16
34
120
2
60
125
52
70
137
14
50
54
155
30
123
61
38
136
108
146
119
161
77
112
1
110
27
151
28
56
59
74
115
17
3
141
26
100
84
79
37
63
153
75
130
6
102
83
121
129
85
21
133
24
10
106
15
91
156
97
89
92
142
140
158
135
131
99
90
73
45
117
65
47
82
104
42
11
80
148
157
32
55
40
103
9
13
86
118
58
25
49
7
43
44
162
154
144
71
101
57
94
51
18
20
33
160
93
128
35
81
69
31
159
66
67
22
98
109
87
122
124
105
48
95
0
1
2
3
4
5
6
7
8
9
10
11
12
13
14
15
16
17
18
19
20
21
22
23
24
25
26
27
28
29
30
31
32
33
34
35
36
37
38
39
41
40
42
43
44
45
46
47
48
49
50
51
52
53
54
55
56
57
58
59
60
61
63
62
64
65
66
68
67
71
69
70
72
73
74
75
77
76
79
78
80
83
81
82
85
84
87
86
90
88
89
92
91
94
93
95
96
98
97
99
102
100
101
104
103
105
106
107
108
109
110
111
112
114
113
115
117
116
118
119
122
123
120
121
125
124
126
128
127
129
131
130
132
133
134
136
135
137
138
139
140
141
146
143
142
144
145
148
147
149
151
150
153
152
154
155
158
159
157
156
160
161
162
0
1
2
3
4
5
6
7
8
9
10
11
12
13
14
15
16
17
18
19
20
21
22
23
24
25
26
27
28
29
30
31
32
33
34
35
36
37
38
39
40
41
42
43
44
45
46
47
48
49
50
51
52
53
54
55
56
57
58
59
60
61
62
63
64
65
66
67
68
69
70
71
72
73
74
75
76
77
78
79
80
81
82
83
84
85
86
87
88
89
90
91
92
93
94
95
96
97
98
99
100
101
102
103
104
105
106
107
108
109
110
111
112
113
114
115
116
117
118
119
120
121
122
123
124
125
126
127
128
129
130
131
132
133
134
135
136
137
138
139
140
141
142
143
144
145
146
147
148
149
150
151
152
153
154
155
156
157
158
159
160
161
162
0
1
2
3
4
5
6
7
8
9
10
11
12
13
14
15
16
17
18
19
20
