simAU
Inner planet mass	Outer planet mass	Percent Difference	Distance
2.412e-05	0.0	100.0	0.10404040404040404	
2.0639999999999965e-05	2.099999999999996e-05	1.744186046511614	0.10816871777305564	
1.8239999999999988e-05	1.8599999999999985e-05	1.9736842105262984	0.10656022367666107	
1.7399999999999996e-05	1.716e-05	1.3793103448275734	0.10727659828951441	
1.7519999999999995e-05	1.704e-05	2.739726027397235	0.1182396075591909	
1.6320000000000006e-05	1.7279999999999997e-05	5.882352941176412	0.12828282828282828	
1.704e-05	1.6560000000000004e-05	2.8169014084506774	0.12424242424242425	
1.692e-05	1.6800000000000002e-05	0.7092198581560216	0.12365218608121753	
1.7639999999999994e-05	1.7759999999999993e-05	0.6802721088435312	0.11082332935251626	
1.6680000000000003e-05	1.584000000000001e-05	5.035971223021534	0.11431418309001973	
1.6800000000000002e-05	1.7519999999999995e-05	4.285714285714244	0.12114137285547598	
1.6680000000000003e-05	1.692e-05	1.4388489208632953	0.1160397208403195	
1.6560000000000004e-05	1.5600000000000013e-05	5.7971014492753055	0.1202020202020202	
1.608000000000001e-05	1.704e-05	5.970149253731282	0.11212121212121212	
1.7759999999999993e-05	1.5720000000000012e-05	11.486486486486381	0.11292432346572341	
1.6440000000000005e-05	1.596000000000001e-05	2.9197080291970514	0.12514649491351945	
1.6440000000000005e-05	1.6680000000000003e-05	1.4598540145985257	0.12778127834700254	
1.608000000000001e-05	1.584000000000001e-05	1.4925373134328206	0.11911384251964328	
1.6320000000000006e-05	1.6320000000000006e-05	0.0	0.12684342882037156	
1.5000000000000014e-05	1.608000000000001e-05	7.1999999999999575	0.10808080808080808	
1.6440000000000005e-05	1.5240000000000015e-05	7.299270072992639	0.1	
1.5000000000000014e-05	1.5360000000000016e-05	2.400000000000009	0.10931035330127936	
1.6320000000000006e-05	1.5600000000000013e-05	4.411764705882309	0.11616161616161616	
1.6440000000000005e-05	1.7519999999999995e-05	6.569343065693365	0.13516464147013427	
1.6200000000000008e-05	1.8599999999999985e-05	14.814814814814667	0.13232323232323234	
1.895999999999998e-05	1.7519999999999995e-05	7.594936708860694	0.13425290262178388	
1.5120000000000014e-05	1.6680000000000003e-05	10.317460317460231	0.13636363636363635	
1.5720000000000012e-05	1.6440000000000005e-05	4.580152671755678	0.14040404040404042	
1.5240000000000015e-05	1.584000000000001e-05	3.9370078740157175	0.14521964333909262	
1.5120000000000014e-05	1.6440000000000005e-05	8.73015873015866	0.15656565656565657	
1.6440000000000005e-05	1.6800000000000002e-05	2.1897810218977884	0.13103706971044482	
1.4400000000000011e-05	1.6320000000000006e-05	13.33333333333329	0.14057211088362487	
1.5120000000000014e-05	1.596000000000001e-05	5.555555555555519	0.15252525252525254	
1.4880000000000013e-05	1.608000000000001e-05	8.064516129032219	0.143237083856131	
1.428000000000001e-05	1.6680000000000003e-05	16.806722689075563	0.15340366443789158	
1.5000000000000014e-05	1.5240000000000015e-05	1.6000000000000059	0.1484848484848485	
1.5120000000000014e-05	1.596000000000001e-05	5.555555555555519	0.14444444444444446	
1.6200000000000008e-05	1.6320000000000006e-05	0.7407407407407333	0.13679807573413577	
1.4880000000000013e-05	1.6320000000000006e-05	9.677419354838653	0.14244021294130646	
1.5000000000000014e-05	1.6440000000000005e-05	9.599999999999934	0.15205504988933502	
1.4760000000000013e-05	1.596000000000001e-05	8.13008130081298	0.15280501503977428	
1.4760000000000013e-05	1.6320000000000006e-05	10.569105691056857	0.1467523221730945	
1.5240000000000015e-05	1.608000000000001e-05	5.511811023622	0.1479727244598282	
1.4760000000000013e-05	1.7399999999999996e-05	17.886178861788487	0.15108808205161317	
1.6200000000000008e-05	1.5360000000000016e-05	5.185185185185133	0.13821937034197182	
1.4400000000000011e-05	1.6560000000000004e-05	14.999999999999938	0.1497939557845947	
1.4520000000000012e-05	1.8719999999999983e-05	28.925619834710524	0.22121212121212122	
1.4520000000000012e-05	1.8479999999999986e-05	27.27272727272707	0.2194095738832282	
1.4880000000000013e-05	1.6800000000000002e-05	12.903225806451523	0.16464646464646465	
1.416000000000001e-05	1.9319999999999978e-05	36.44067796610144	0.2494949494949495	
1.4640000000000012e-05	1.6680000000000003e-05	13.934426229508121	0.17272727272727273	
1.416000000000001e-05	1.799999999999999e-05	27.11864406779645	0.23052181460292234	
1.4880000000000013e-05	1.6440000000000005e-05	10.48387096774187	0.16456623286043165	
1.4400000000000011e-05	1.799999999999999e-05	24.999999999999837	0.20800838230519042	
1.4520000000000012e-05	1.8359999999999987e-05	26.446280991735343	0.17925618986228659	
1.4520000000000012e-05	1.787999999999999e-05	23.140495867768436	0.2292929292929293	
1.4760000000000013e-05	1.5600000000000013e-05	5.691056910569103	0.17676767676767677	
1.416000000000001e-05	1.9439999999999977e-05	37.288135593220076	0.25198420997897464	
1.416000000000001e-05	1.8239999999999988e-05	28.813559322033722	0.21717171717171718	
1.404000000000001e-05	1.6560000000000004e-05	17.948717948717896	0.18908143891965618	
1.4880000000000013e-05	1.716e-05	15.322580645161175	0.20101010101010103	
1.4880000000000013e-05	1.596000000000001e-05	7.258064516129002	0.15874010519681994	
1.428000000000001e-05	1.7759999999999993e-05	24.36974789915952	0.21313131313131314	
1.4400000000000011e-05	1.8839999999999982e-05	30.83333333333311	0.22314431669405652	
1.4400000000000011e-05	1.6800000000000002e-05	16.66666666666659	0.17592106959680257	
1.4400000000000011e-05	1.6320000000000006e-05	13.33333333333329	0.19696969696969696	
1.4520000000000012e-05	1.608000000000001e-05	10.743801652892532	0.16744084278445925	
1.4760000000000013e-05	1.596000000000001e-05	8.13008130081298	0.16528722546144864	
1.4520000000000012e-05	1.6440000000000005e-05	13.223140495867714	0.1686868686868687	
1.4400000000000011e-05	1.596000000000001e-05	10.833333333333316	0.1606060606060606	
1.4400000000000011e-05	1.919999999999998e-05	33.33333333333308	0.23333333333333334	
1.416000000000001e-05	1.7279999999999997e-05	22.03389830508464	0.23737373737373738	
1.4400000000000011e-05	1.6440000000000005e-05	14.166666666666613	0.19229994270765446	
1.3920000000000009e-05	1.8839999999999982e-05	35.34482758620668	0.22525252525252526	
1.3920000000000009e-05	1.7759999999999993e-05	27.58620689655159	0.24545454545454545	
1.416000000000001e-05	1.7519999999999995e-05	23.72881355932191	0.23778308299094353	
1.4880000000000013e-05	1.608000000000001e-05	8.064516129032219	0.1662119122464687	
1.4400000000000011e-05	1.5720000000000012e-05	9.166666666666666	0.16915381116229844	
1.4760000000000013e-05	1.6800000000000002e-05	13.821138211382028	0.1808080808080808	
1.428000000000001e-05	1.692e-05	18.48739495798311	0.18420157493201933	
1.3920000000000009e-05	1.6680000000000003e-05	19.827586206896495	0.19865767767585374	
1.5240000000000015e-05	1.6560000000000004e-05	8.661417322834565	0.17351936982146643	
1.4400000000000011e-05	1.4880000000000013e-05	3.333333333333346	0.19628561026349226	
1.416000000000001e-05	1.919999999999998e-05	35.5932203389828	0.2535353535353535	
1.3920000000000009e-05	1.9319999999999978e-05	38.79310344827561	0.24141414141414141	
1.4400000000000011e-05	1.6200000000000008e-05	12.499999999999964	0.18484848484848487	
1.3440000000000007e-05	1.787999999999999e-05	33.03571428571415	0.19292929292929295	
1.4520000000000012e-05	1.6440000000000005e-05	13.223140495867714	0.17170713638299978	
1.3920000000000009e-05	1.6200000000000008e-05	16.379310344827562	0.1806760501137917	
1.428000000000001e-05	1.596000000000001e-05	11.764705882352928	0.18888888888888888	
1.4520000000000012e-05	1.787999999999999e-05	23.140495867768436	0.20505050505050504	
1.3920000000000009e-05	1.8479999999999986e-05	32.75862068965498	0.2090909090909091	
1.4760000000000013e-05	2.1959999999999952e-05	48.780487804877595	0.39999999999999997	
1.4400000000000011e-05	2.4119999999999932e-05	67.49999999999939	0.37070707070707076	
1.4640000000000012e-05	2.2679999999999945e-05	54.91803278688474	0.2777777777777778	
1.3920000000000009e-05	1.9799999999999973e-05	42.24137931034454	0.297979797979798	
1.428000000000001e-05	1.9799999999999973e-05	38.655462184873656	0.27256808892482093	
1.4520000000000012e-05	1.8479999999999986e-05	27.27272727272707	0.28585858585858587	
1.416000000000001e-05	2.0879999999999963e-05	47.4576271186437	0.32626262626262625	
1.4520000000000012e-05	2.339999999999994e-05	61.15702479338788	0.3545454545454545	
1.3920000000000009e-05	2.219999999999995e-05	59.48275862068919	0.30606060606060603	
1.5000000000000014e-05	1.9679999999999974e-05	31.199999999999704	0.36262626262626263	
1.3920000000000009e-05	2.219999999999995e-05	59.48275862068919	0.3787878787878788	
1.4640000000000012e-05	2.0519999999999966e-05	40.16393442622916	0.25757575757575757	
1.4400000000000011e-05	1.9679999999999974e-05	36.66666666666638	0.2737373737373737	
1.404000000000001e-05	2.2439999999999948e-05	59.82905982905935	0.4111111111111111	
1.4520000000000012e-05	1.8599999999999985e-05	28.0991735537188	0.2696969696969697	
1.416000000000001e-05	2.1479999999999957e-05	51.694915254236875	0.3424242424242424	
1.416000000000001e-05	2.2919999999999943e-05	61.8644067796605	0.407070707070707	
1.404000000000001e-05	2.027999999999997e-05	44.44444444444412	0.40303030303030307	
1.4640000000000012e-05	1.9919999999999972e-05	36.0655737704915	0.3303030303030303	
1.428000000000001e-05	1.8599999999999985e-05	30.252100840335928	0.26579576997849247	
1.3920000000000009e-05	1.8839999999999982e-05	35.34482758620668	0.302020202020202	
1.3680000000000008e-05	2.2679999999999945e-05	65.78947368421004	0.3747474747474747	
1.404000000000001e-05	1.8479999999999986e-05	31.623931623931433	0.35050505050505054	
1.404000000000001e-05	2.0519999999999966e-05	46.15384615384581	0.398989898989899	
1.4640000000000012e-05	2.123999999999996e-05	45.08196721311435	0.35858585858585856	
1.4520000000000012e-05	2.1359999999999958e-05	47.10743801652852	0.31414141414141417	
1.404000000000001e-05	1.919999999999998e-05	36.75213675213651	0.39494949494949494	
1.404000000000001e-05	2.0519999999999966e-05	46.15384615384581	0.29393939393939394	
1.3920000000000009e-05	1.8359999999999987e-05	31.89655172413775	0.2924017738212866	
1.4520000000000012e-05	2.0519999999999966e-05	41.32231404958643	0.28181818181818186	
1.4400000000000011e-05	2.027999999999997e-05	40.833333333333	0.3115839842184876	
1.428000000000001e-05	2.0639999999999965e-05	44.53781512605007	0.3383838383838384	
1.4880000000000013e-05	2.1599999999999956e-05	45.161290322580214	0.2898989898989899	
1.428000000000001e-05	2.099999999999996e-05	47.058823529411384	0.3222222222222222	
1.404000000000001e-05	1.9559999999999975e-05	39.31623931623904	0.26161616161616164	
1.416000000000001e-05	2.015999999999997e-05	42.37288135593189	0.3868686868686869	
1.416000000000001e-05	1.9439999999999977e-05	37.288135593220076	0.3343434343434344	
1.416000000000001e-05	1.919999999999998e-05	35.5932203389828	0.3909090909090909	
1.4760000000000013e-05	2.3759999999999935e-05	60.97560975609698	0.3666666666666667	
1.3800000000000008e-05	1.9319999999999978e-05	39.99999999999975	0.33019272488946266	
1.3800000000000008e-05	2.0519999999999966e-05	48.695652173912706	0.3181818181818182	
1.4520000000000012e-05	1.8479999999999986e-05	27.27272727272707	0.3101010101010101	
1.404000000000001e-05	1.8479999999999986e-05	31.623931623931433	0.2656565656565657	
1.416000000000001e-05	1.9439999999999977e-05	37.288135593220076	0.36593057100229714	
1.3920000000000009e-05	2.2439999999999948e-05	61.20689655172365	0.38282828282828285	
1.404000000000001e-05	1.907999999999998e-05	35.89743589743566	0.3464646464646465	
1.4640000000000012e-05	2.1719999999999955e-05	48.360655737704484	0.49595959595959593	
1.416000000000001e-05	2.1959999999999952e-05	55.08474576271142	0.5	
1.4520000000000012e-05	2.3879999999999934e-05	64.46280991735478	0.43939393939393945	
1.428000000000001e-05	2.423999999999993e-05	69.74789915966325	0.41515151515151516	
1.3800000000000008e-05	2.5079999999999923e-05	81.73913043478194	0.491919191919192	
1.3800000000000008e-05	2.2679999999999945e-05	64.34782608695603	0.42727272727272725	
1.4400000000000011e-05	2.1839999999999954e-05	51.66666666666623	0.46415888336127786	
1.3920000000000009e-05	2.531999999999992e-05	81.89655172413724	0.4757575757575757	
1.404000000000001e-05	2.123999999999996e-05	51.28205128205089	0.4434343434343434	
1.4760000000000013e-05	2.003999999999997e-05	35.77235772357692	0.49460874432487006	
1.416000000000001e-05	2.1479999999999957e-05	51.694915254236875	0.47171717171717176	
1.4520000000000012e-05	2.6999999999999904e-05	85.95041322313969	0.45151515151515154	
1.3440000000000007e-05	2.3759999999999935e-05	76.78571428571371	0.44747474747474747	
1.416000000000001e-05	2.099999999999996e-05	48.305084745762336	0.4353535353535354	
1.404000000000001e-05	2.0759999999999964e-05	47.8632478632475	0.4676767676767677	
1.4400000000000011e-05	2.0759999999999964e-05	44.1666666666663	0.4232323232323232	
1.3800000000000008e-05	2.1839999999999954e-05	58.26086956521696	0.4797979797979798	
1.3920000000000009e-05	2.003999999999997e-05	43.96551724137901	0.48383838383838385	
1.3920000000000009e-05	2.3519999999999937e-05	68.96551724137875	0.4313131313131313	
1.5240000000000015e-05	2.1959999999999952e-05	44.09448818897592	0.4636363636363636	
1.4520000000000012e-05	2.0519999999999966e-05	41.32231404958643	0.43267487109222247	
1.416000000000001e-05	2.111999999999996e-05	49.15254237288097	0.4555555555555556	
1.4400000000000011e-05	1.8719999999999983e-05	29.999999999999783	0.4191919191919192	
1.4640000000000012e-05	2.3999999999999933e-05	63.9344262295076	0.45959595959595956	
1.416000000000001e-05	2.123999999999996e-05	49.99999999999961	0.4878787878787879	
